2000000000S
       10205            1
        3522            1
        2217            1
      -10205           -1
       -3522           -1
       -2217           -1
         984            1
        1546            1
        1573            1
        2485            1
        4058            2
       -1573           -1
       -2485           -1
        2530            2
        -984           -1
       -1546           -1
        1819            1
       36595            1
        1836            1
        1833            1
        2483            1
        1916            1
        2150            1
